0.101
0.1015
0.101
0.101
0.101
0.1015
0.1025
0.103
0.1045
0.105
0.107
0.11
0.111
0.112
0.1135
0.1155
0.117
0.118
0.119
0.122
0.1225
0.1245
0.1275
0.1295
0.131
0.1305
0.131
0.1325
0.1335
0.136
0.1355
0.1365
0.1375
0.1375
0.138
0.139
0.1395
0.1395
0.1405
0.14
0.14
0.141
0.1415
0.141
0.1415
0.142
0.142
0.142
0.1425
0.1435
0.143
0.144
0.1445
0.1445
0.1445
0.145
0.1455
0.146
0.1465
0.146
0.1465
0.1475
0.1475
0.1485
0.149
0.1485
0.149
0.1485
0.149
0.1485
0.149
0.1495
0.15
0.15
0.15
0.1495
0.1495
0.1495
0.15
0.1495
0.1495
0.1495
0.1495
0.151
0.151
0.151
0.1515
0.1515
0.152
0.1525
0.153
0.153
0.153
0.1535
0.1535
0.154
0.154
0.1545
0.1545
0.1545
0.1545
0.1545
0.155
0.155
0.1555
0.1555
0.1555
0.1555
0.156
0.156
0.156
0.1555
0.1555
0.1555
0.1555
0.1555
0.1555
0.1555
0.1555
0.1555
0.1555
0.1555
0.156
0.1565
0.156
0.156
0.156
0.156
0.156
0.1565
0.157
0.1565
0.1565
0.1565
0.1565
0.1565
0.1565
0.1565
0.1575
0.158
0.158
0.158
0.1575
0.1575
0.158
0.158
0.1575
0.1575
0.1575
0.1575
0.158
0.158
0.1585
0.1585
0.159
0.159
0.1595
0.1595
0.1595
0.16
0.1595
0.1595
0.1595
0.16
0.16
0.1605
0.1605
0.161
0.161
0.161
0.161
0.161
0.161
0.161
0.161
0.1605
0.1605
0.161
0.161
0.161
0.161
0.161
0.1605
0.161
0.161
0.162
0.162
0.162
0.162
0.162
0.162
0.162
0.162
0.162
0.162
0.162
0.162
0.162
0.162
0.162
0.1625
0.162
0.1625
0.1625
0.1625
0.1625
0.1625
0.1625
0.163
0.163
0.163
0.163
0.163
0.163
0.163
0.163
0.163
0.163
0.1625
0.1625
0.1635
0.1635
0.1635
0.1635
0.1635
0.1635
0.1635
0.1635
0.1635
0.163
0.164
0.164
0.164
0.1635
0.164
0.164
0.164
0.164
0.1645
0.1645
0.165
0.165
0.165
0.165
0.165
0.1655
0.1655
0.1655
0.1655
0.1655
0.1655
0.1655
0.1655
0.1655
0.1655
0.1655
0.1655
0.1655
0.1655
0.1655
0.1655
0.1655
0.1655
0.1655
0.1655
0.1655
0.1655
0.1655
0.1655
0.1655
0.1655
0.1655
0.1655
0.166
0.166
0.166
0.166
0.166
0.166
0.166
0.166
0.166
0.166
0.166
0.166
0.166
0.166
0.166
0.166
0.166
0.1665
0.1665
0.167
0.167
0.167
0.167
0.167
0.167
0.167
0.167
0.167
0.167
0.1675
0.1675
0.167
0.1675
0.1675
0.1675
0.1675
0.1675
0.1675
0.1675
0.1675
0.1675
0.1675
0.1675
0.1675
0.168
0.1685
0.1685
0.1685
0.1685
0.1685
0.1685
0.169
0.169
0.1695
0.1695
0.1695
0.17
0.17
0.17
0.17
0.17
0.17
0.17
0.17
0.17
0.17
0.17
0.17
0.17
0.1705
0.1705
0.1705
0.1705
0.1705
0.1705
0.1705
0.1705
0.1705
0.1705
0.1705
0.1705
0.1705
0.1705
0.171
0.171
0.171
0.171
0.171
0.171
0.171
0.171
0.171
0.171
0.171
0.171
0.171
0.171
0.171
0.171
0.171
0.1715
0.1715
0.1715
0.1715
0.1715
0.1715
0.1715
0.1715
0.1715
0.1715
0.1715
0.1715
0.1715
0.1715
0.1715
0.1715
0.1715
0.1725
0.1725
0.1725
0.1725
0.1725
0.1725
0.1725
0.1725
0.1725
0.1725
0.1725
0.172
0.1725
0.1725
0.1725
0.1725
0.1725
0.1725
0.1725
0.1725
0.1725
0.1725
0.1725
0.1725
0.1725
0.173
0.173
0.173
0.173
0.173
0.173
0.173
0.173
0.173
0.173
0.173
0.173
0.1725
0.1725
0.1725
0.1725
0.1725
0.1725
0.1725
0.1725
0.173
0.173
0.173
0.173
0.173
0.173
0.173
0.173
0.173
0.173
0.173
0.173
0.173
0.1735
0.1735
0.1735
0.1735
0.1735
0.1735
0.1735
0.1735
0.1735
0.1735
0.1735
0.1735
0.1735
0.1735
0.1735
0.1735
0.1735
0.1735
0.174
0.174
0.174
0.174
0.1735
0.1735
0.1735
0.1735
0.1735
0.1735
0.1735
0.1735
0.1735
0.1735
0.1735
0.1735
0.1735
0.1735
0.1735
0.1735
0.1735
0.1735
0.1735
0.1735
0.1735
0.1735
0.1735
0.1735
0.1735
0.1735
0.1735
0.1735
0.1735
0.1735
0.1735
0.1735
0.1735
0.1735
0.1735
0.1735
0.1735
0.1735
0.1735
0.1735
0.1735
0.1735
0.1735
0.1735
0.1735
0.1735
0.174
0.174
0.174
0.174
0.174
0.174
0.174
0.174
0.174
0.174
0.174
0.174
0.174
0.174
0.174
0.174
0.174
0.174
0.174
0.174
0.174
0.174
0.174
0.174
0.174
0.174
0.174
0.174
0.174
0.174
0.174
0.174
0.174
0.174
0.174
0.174
0.174
0.174
0.174
0.174
0.174
0.174
0.174
0.174
0.174
0.174
0.174
0.174
0.174
0.174
0.174
0.174
0.174
0.1745
0.1745
0.1745
0.1745
0.1745
0.1745
0.1745
0.1745
0.175
0.175
0.175
0.175
0.175
0.175
0.175
0.175
0.175
0.175
0.175
0.175
0.175
0.175
0.175
0.175
0.175
0.175
0.175
0.175
0.175
0.175
0.175
0.175
0.175
0.175
0.175
0.175
0.175
0.175
0.175
0.175
0.175
0.175
0.175
0.175
0.175
0.175
0.175
0.175
0.175
0.175
0.175
0.175
0.175
0.175
0.175
0.175
0.175
0.175
0.175
0.175
0.175
0.175
0.175
0.175
0.175
0.175
0.1755
0.176
0.176
0.176
0.1765
0.1765
0.1765
0.1765
0.1765
0.1765
0.1765
0.1765
0.1765
0.1765
0.1765
0.1765
0.1765
0.1765
0.1765
0.1765
0.1765
0.1765
0.1765
0.1765
0.1765
0.1765
0.1765
0.1765
0.177
0.177
0.177
0.177
0.177
0.177
0.177
0.177
0.177
0.177
0.177
0.177
0.177
0.177
0.177
0.177
0.1775
0.1775
0.1775
0.1775
0.1775
0.1775
0.1775
0.1775
0.1775
0.1775
0.1775
0.1775
0.1775
0.1775
0.1775
0.1775
0.1775
0.1775
0.1775
0.1775
0.1775
0.1775
0.1775
0.1775
0.1775
0.1775
0.1775
0.1775
0.1775
0.1775
0.1775
0.1775
0.1775
0.1775
0.1775
0.1775
0.1775
0.1775
0.1775
0.1775
0.1775
0.1775
0.1775
0.1775
0.1775
0.1775
0.1775
0.1775
0.1775
0.1775
0.1775
0.1775
0.1775
0.1775
0.1775
0.1775
0.1775
0.1775
0.1775
0.1775
0.1775
0.1775
0.1775
0.177
0.177
0.177
0.177
0.177
0.177
0.1775
0.177
0.177
0.177
0.177
0.177
0.177
0.177
0.177
0.177
0.177
0.177
0.177
0.177
0.177
0.177
0.177
0.177
0.177
0.177
0.177
0.1765
0.1765
0.1765
0.1765
0.1765
0.1765
0.1765
0.1765
0.177
0.1765
0.1765
0.1765
0.1765
0.1765
0.1765
0.1765
0.1765
0.1765
0.1765
0.1765
0.1765
0.1765
0.1765
0.1765
0.1765
0.1765
0.1765
0.1765
0.1765
0.1765
0.1765
0.1765
0.1765
0.1765
0.1765
0.1765
0.1765
0.1765
0.1765
0.1765
0.1765
0.177
0.177
0.177
0.177
0.177
0.177
0.177
0.177
0.177
0.177
0.177
0.177
0.177
0.177
0.177
0.177
0.177
0.177
0.177
0.1765
0.1765
0.177
0.1775
0.177
0.177
0.177
0.177
0.177
0.177
0.177
0.1775
0.1775
0.1775
0.1775
0.1775
0.1775
0.1775
0.1775
0.178
0.178
0.178
0.1775
0.1775
0.1775
0.178
0.1785
0.178
0.178
0.1785
0.178
0.178
0.178
0.178
0.178
0.178
0.178
0.178
0.178
0.178
0.178
0.178
0.178
0.178
0.178
0.178
0.178
0.178
0.178
0.178
0.178
0.178
0.178
0.178
0.178
0.178
0.178
0.178
0.178
0.178
0.178
0.1785
0.1785
0.1785
0.1785
0.1785
0.1785
0.1785
0.1785
0.1785
0.1785
0.1785
0.1785
0.1785
0.1785
0.1785
0.1785
0.1785
0.1785
0.1785
0.1785
0.1785
0.1785
0.1785
0.1785
0.1785
0.1785
0.1785
0.1785
0.1785
0.1785
0.1785
0.1785
0.1785
0.1785
0.1785
0.1785
0.1785
0.1785
0.1785
0.1785
0.1785
0.1785
0.1785
0.1785
0.1785
0.1785
0.1785
0.1785
0.1785
0.1785
0.1785
0.1785
0.1785
0.1785
0.1785
0.1785
0.1785
0.1785
0.1785
0.1785
0.1785
0.1785
0.1785
0.1785
0.1785
0.1785
0.1785
0.1785
0.1785
0.1785
0.1785
0.1785
0.1785
0.1785
0.1785
0.1785
0.1785
0.1785
0.1785
0.1785
0.1785
0.1785
0.1785
0.1785
0.1785
0.1785
0.1785
0.1785
0.1785
0.1785
0.1785
0.1785
0.1785
0.1785
0.1785
0.1785
0.1785
0.179
0.179
0.179
0.179
0.179
0.179
0.179
0.179
0.179
0.179
0.179
0.179
0.179
