1102,1
1237,2
1390,3
1540,4
1586,5
1780,6
2024,7
2135,8
2235,9
2286,10
2383,11
2455,12
2489,13
2521,14
2726,15
2928,16
2978,17
3077,18
3208,19
3231,20
3254,21
3277,22
3316,23
3389,24
3492,25
3583,26
3639,27
3671,28
3696,29
3740,30
3791,31
3901,32
4015,33
4094,34
4103,35
4148,36
4168,37
4184,38
4246,39
4256,40
4276,41
4317,42
4336,43
4393,44
4408,45
4434,46
4476,47
4502,48
4529,49
4567,50
4581,51
4614,52
4636,53
4677,54
4692,55
4715,56
4733,57
4740,58
4750,59
4760,60
4769,61
4781,62
4793,63
4848,64
4876,65
4888,66
4902,67
4921,68
4940,69
4954,70
4966,71
5020,72
5030,73
5045,74
5062,75
5069,76
5103,77
5124,78
5133,79
5160,80
5183,81
5201,82
5239,83
5254,84
5282,85
5307,86
5314,87
5386,88
5407,89
5436,90
5460,91
5474,92
5485,93
5496,94
5513,95
5527,96
5541,97
5551,98
5581,99
5594,100
5639,101
5649,102
5674,103
5704,104
5745,105
5791,106
5806,107
5813,108
5821,109
5845,110
5913,111
5920,112
5945,113
5955,114
5962,115
5970,116
5994,117
6005,118
6013,119
6021,120
6028,121
6039,122
6057,123
6078,124
6117,125
6132,126
6151,127
6170,128
6211,129
6231,130
6261,131
6342,132
6357,133
6427,134
6479,135
6488,136
6509,137
6544,138
6562,139
6570,140
6591,141
6599,142
6615,143
6622,144
6630,145
6639,146
6648,147
6655,148
6675,149
6687,150
6697,151
6719,152
6732,153
6763,154
6774,155
6789,156
6797,157
6804,158
6813,159
6821,160
6829,161
6837,162
6847,163
6907,164
6926,165
6935,166
6946,167
6970,168
6993,169
7011,170
7021,171
7029,172
7037,173
7046,174
7054,175
7062,176
7070,177
7078,178
7085,179
7094,180
7104,181
7112,182
7120,183
7128,184
7140,185
7147,186
7155,187
7163,188
7174,189
7191,190
7198,191
7208,192
7217,193
7225,194
7243,195
7250,196
7264,197
7272,198
7279,199
7287,200
7308,201
7316,202
7324,203
7332,204
7340,205
7348,206
7359,207
7387,208
7395,209
7416,210
7424,211
7432,212
7440,213
7449,214
7457,215
7466,216
7482,217
7498,218
7505,219
7531,220
7560,221
7598,222
7614,223
7665,224
7693,225
7733,226
7801,227
7811,228
7827,229
7846,230
7854,231
7896,232
7909,233
7917,234
7933,235
7941,236
7949,237
7960,238
7969,239
7982,240
7990,241
7998,242
8006,243
