0.1025
0.097
0.0985
0.112
0.095
0.0985
0.111
0.098
0.093
0.3955
0.227
0.167
0.131
0.1085
0.099
0.0915
0.105
0.114
0.1385
0.184
0.193
0.1705
0.168
0.171
0.176
0.16
0.164
0.1455
0.1475
0.157
0.1635
0.169
0.1575
0.1795
0.172
0.1655
0.171
0.172
0.167
0.16
0.1815
0.188
0.18
0.1615
0.1695
0.176
0.194
0.1795
0.185
0.1995
0.1895
0.186
0.185
0.1955
0.1955
0.1965
0.1905
0.196
0.1905
0.21
0.195
0.1935
0.207
0.1965
0.203
0.2215
0.1945
0.2145
0.224
0.219
0.2205
0.2175
0.238
0.2415
0.2325
0.225
0.23
0.2235
0.235
0.2595
0.2615
0.2425
0.2585
0.2725
0.2625
0.2695
0.2455
0.2605
0.263
0.2675
0.276
0.276
0.2845
0.2705
0.282
0.281
0.293
0.2915
0.305
0.331
0.3095
0.3175
0.333
0.3155
0.3025
0.322
0.3235
0.3205
0.3195
0.3305
0.326
0.3425
0.3405
0.346
0.3495
0.354
0.3645
0.364
0.36
0.363
0.368
0.364
0.367
0.379
0.385
0.377
0.3915
0.3915
0.391
0.3955
0.402
0.3995
0.406
0.4025
0.4105
0.421
0.4155
0.419
0.4125
0.4155
0.4185
0.4405
0.436
0.4445
0.4455
0.459
0.467
0.4745
0.4755
0.4755
0.483
0.4705
0.484
0.4765
0.4765
0.4705
0.4735
0.4665
0.475
0.493
0.4965
0.52
0.5195
0.5245
0.5215
0.5245
0.519
0.5105
0.521
0.5225
0.5245
0.5355
0.528
0.54
0.5405
0.55
0.5475
0.542
0.5435
0.5415
0.5565
0.5545
0.564
0.563
0.5775
0.5835
0.575
0.5775
0.5745
0.577
0.5925
0.587
0.5975
0.605
0.607
0.611
0.6145
0.6115
0.6125
0.6135
0.6175
0.6195
0.6235
0.6335
0.6335
0.625
0.6265
0.648
0.64
0.645
0.643
0.639
0.645
0.6375
0.637
0.6315
0.642
0.643
0.641
0.645
0.652
0.6525
0.6565
0.661
0.66
0.669
0.6665
0.6665
0.6675
0.669
0.6655
0.675
0.673
0.681
0.6855
0.689
0.685
0.6805
0.6885
0.6945
0.6985
0.6925
0.686
0.6935
0.6875
0.694
0.686
0.6885
0.6865
0.685
0.687
0.683
0.6925
0.694
0.7025
0.7035
0.71
0.713
0.711
0.71
0.709
0.7075
0.7065
0.7065
0.7045
0.7095
0.703
0.704
0.705
0.7035
0.7045
0.7105
0.7105
0.7185
0.7235
0.725
0.7305
0.728
0.721
0.7235
0.724
0.727
0.733
0.731
0.731
0.736
0.736
0.7365
0.7305
0.7315
0.734
0.7395
0.743
0.7355
0.7355
0.741
0.7455
0.743
0.7415
0.748
0.749
0.747
0.7435
0.7505
0.747
0.748
0.748
0.751
0.7575
0.7565
0.75
0.75
0.7525
0.755
0.755
0.7575
0.757
0.7535
0.7535
0.7535
0.75
0.7495
0.751
0.749
0.7515
0.753
0.759
0.7635
0.7625
0.7655
0.7605
0.7665
0.772
0.77
0.775
0.7725
0.775
0.771
0.7755
0.7735
0.774
0.772
0.774
0.7795
0.784
0.7825
0.789
0.7885
0.7905
0.788
0.7895
0.7875
0.785
0.781
0.7795
0.775
0.7825
0.7875
0.7835
0.787
0.7905
0.796
0.7955
0.796
0.7965
0.797
0.7985
0.797
0.806
0.804
0.8035
0.803
0.7995
0.803
0.8035
0.8025
0.805
0.7995
0.8015
0.799
0.798
0.8
0.8035
0.807
0.805
0.8065
0.806
0.8035
0.799
0.8005
0.799
0.7975
0.8015
0.8005
0.801
0.7975
0.7965
0.7965
0.7985
0.8025
0.8025
0.8025
0.804
0.801
0.803
0.8015
0.802
0.8
0.807
0.8075
0.8095
0.815
0.8195
0.8185
0.8175
0.8155
0.8155
0.8195
0.8235
0.821
0.821
0.8185
0.817
0.8185
0.8205
0.82
0.8175
0.817
0.8165
0.822
0.822
0.8205
0.8255
0.8235
0.8195
0.823
0.82
0.82
0.823
0.8215
0.8195
0.822
0.8185
0.8175
0.818
0.8195
0.817
0.817
0.816
0.8175
0.8195
0.816
0.8145
0.81
0.806
0.8105
0.81
0.815
0.815
0.8185
0.8165
0.8195
0.819
0.82
0.821
0.823
0.827
0.825
0.8195
0.8205
0.821
0.8175
0.8195
0.819
0.8195
0.817
0.817
0.8165
0.8195
0.8215
0.8235
0.8225
0.8225
0.822
0.825
0.8275
0.8275
0.8315
0.826
0.826
0.823
0.823
0.824
0.825
0.8265
0.8265
0.828
0.8275
0.8235
0.8255
0.827
0.831
0.829
0.828
0.8285
0.8265
0.825
0.8275
0.8265
0.825
0.826
0.826
0.828
0.8305
0.83
0.8315
0.83
0.827
0.8295
0.8295
0.8305
0.8305
0.8305
0.8315
0.831
0.8305
0.829
0.8305
0.833
0.832
0.83
0.831
0.8305
0.832
0.8325
0.8305
0.8305
0.8315
0.832
0.8335
0.8365
0.835
0.8335
0.829
0.83
0.832
0.8315
0.831
0.8265
0.829
0.8305
0.829
0.827
0.827
0.8255
0.8295
0.826
0.831
0.831
0.8295
0.8305
0.8355
0.8315
0.8275
0.8285
0.8305
0.8325
0.83
0.828
0.831
0.831
0.8295
0.83
0.8285
0.8295
0.8295
0.831
0.835
0.8335
0.8385
0.838
0.8395
0.838
0.837
0.835
0.8355
0.84
0.84
0.8415
0.8395
0.8395
0.843
0.8445
0.8445
0.843
0.845
0.8425
0.843
0.841
0.842
0.8415
0.8425
0.845
0.8465
0.8475
0.8495
0.8485
0.8465
0.8445
0.845
0.845
0.8465
0.847
0.845
0.8445
0.8415
0.8435
0.8435
0.846
0.845
0.848
0.8435
0.846
0.8485
0.8485
0.848
0.843
0.846
0.844
0.8425
0.8415
0.8425
0.8415
0.839
0.839
0.8365
0.8375
0.8385
0.838
0.839
0.8355
0.835
0.833
0.8325
0.8325
0.8375
0.8395
0.839
0.84
0.8395
0.836
0.8355
0.8345
0.8355
0.837
0.8385
0.841
0.841
0.8385
0.839
0.8415
0.842
0.846
0.846
0.8485
0.8445
0.845
0.8445
0.845
0.8455
0.8465
0.8475
0.8465
0.8455
0.845
0.843
0.8445
0.8435
0.8445
0.847
0.8485
0.8495
0.8465
0.844
0.84
0.8405
0.8405
0.84
0.838
0.8395
0.8425
0.8405
0.8405
0.839
0.8405
0.8445
0.843
0.843
0.843
0.844
0.8415
0.838
0.8405
0.842
0.842
0.842
0.84
0.8385
0.84
0.8385
0.8385
0.839
0.839
0.8385
0.839
0.8385
0.84
0.84
0.842
0.8405
0.8395
0.8405
0.841
0.8395
0.8385
0.8375
0.839
0.839
0.838
0.8385
0.8405
0.8435
0.84
0.8405
0.8435
0.8425
0.843
0.8425
0.843
0.842
0.84
0.8385
0.84
0.843
0.843
0.8425
0.845
0.8435
0.8435
0.844
0.8435
0.841
0.8405
0.838
0.8385
0.8385
0.84
0.841
0.8425
0.8435
0.843
0.843
0.845
0.8445
0.842
0.842
0.842
0.841
0.8445
0.847
0.8455
0.846
0.848
0.848
0.8485
0.848
0.8495
0.8495
0.8505
0.852
0.8505
0.852
0.8515
0.851
0.852
0.853
0.8515
0.852
0.8525
0.8525
0.851
0.8495
0.85
0.8505
0.8485
0.85
0.848
0.8485
0.8475
0.848
0.849
0.8485
0.8495
0.8445
0.8445
0.8445
0.8455
0.8485
0.8475
0.849
0.8475
0.847
0.847
0.848
0.8465
0.847
0.8455
0.8445
0.8435
0.844
0.842
0.845
0.8445
0.847
0.848
0.8465
0.8475
0.848
0.8475
0.8475
0.846
0.848
0.846
0.8485
0.848
0.847
0.8455
0.844
0.846
0.847
0.8455
0.8475
0.8475
0.8475
0.847
0.846
0.8495
0.8505
0.85
0.8485
0.8475
0.8475
0.8495
0.8495
0.8495
0.849
0.8495
0.8465
0.846
0.8455
0.847
0.8455
0.8475
0.848
0.846
0.847
0.847
0.8485
0.8485
0.8485
0.8485
0.851
0.8505
0.853
0.8535
0.853
0.8535
0.853
0.8535
0.855
0.854
0.855
0.8555
0.854
0.853
0.852
0.8555
0.8545
0.856
0.8555
0.8555
0.857
0.8575
0.858
0.856
0.8545
0.853
0.852
0.853
0.8525
0.8515
0.8515
0.8535
0.8535
0.852
0.855
0.8555
0.8575
0.857
0.8585
0.8585
0.8565
0.8565
0.856
0.8575
0.8565
0.86
0.858
0.857
0.8545
0.8525
0.8515
0.851
0.8505
0.8505
0.85
0.8495
0.8495
0.8525
0.852
0.8515
0.8525
0.8515
0.8525
0.8525
0.8545
0.853
0.8515
0.852
0.8495
0.853
0.855
0.859
0.856
0.8555
0.853
0.8555
0.8575
0.858
0.8575
0.8555
0.8575
0.858
0.8575
0.857
0.856
0.855
0.854
0.854
0.855
0.855
0.858
0.8585
0.859
0.8605
0.859
0.8555
0.8555
0.8555
0.8555
0.857
0.857
0.8565
0.8555
0.855
0.8555
0.8545
0.855
0.854
0.853
0.8555
0.858
0.8585
0.859
0.8585
0.8595
0.8575
0.8595
0.8585
0.8565
0.8575
0.858
0.858
0.858
0.858
0.859
0.857
0.8585
0.859
0.86
